been:(61,1),
readily:(01,1),
FileUtils:(31,1),
Tory:(51,1),
adaptation:(11,1),(91,1),(111,1),
recognized:(61,1),
your:(31,1),
112:(11,1),(91,1),(111,1),
pain-free:(31,1),(81,1),
Commons:(31,2),
Never:(31,1),
Post-secondary:(51,1),
they:(11,2),(91,2),(111,1),
you:(31,2),(81,1),
QS:(61,1),
15:(51,1),
1908:(51,1),
18:(51,1),
impact:(51,1),
Lang:(31,1),
countries:(51,1),
economy:(51,1),
Apache:(31,2),
an:(21,1),(51,1),(71,1),(121,1),
each:(21,1),(71,1),(121,1),
000:(51,2),
2:(11,1),(91,1),(111,1),
as:(21,1),(51,1),(61,1),(71,1),(121,1),
at:(11,1),(21,1),(31,1),(71,1),(91,1),(101,1),(121,1),
3:(51,1),
size:(11,1),(91,1),(111,1),
university’s:(51,1),
5:(11,1),(91,1),(111,1),
6:(11,1),(91,1),(111,1),
8:(11,1),(91,1),(111,1),
underwater:(11,1),(91,1),(111,1),
Rankings:(61,2),
programs:(51,1),
device:(01,1),
annually:(51,1),
A:(01,1),(21,3),(51,1),(71,2),(101,1),(121,3),
be:(01,2),
automatically:(01,1),
students:(51,1),
sea:(11,1),(91,1),
e-book:(21,1),(71,1),(121,1),
The:(51,5),(61,1),
135:(11,1),(91,1),(111,1),
are:(11,2),(91,1),(111,1),
U:(51,1),
by:(51,1),(61,1),
kilograms:(11,1),(91,1),(111,1),
legislation:(51,1),
province’s:(51,1),
a:(01,3),(21,5),(31,2),(41,2),(51,3),(71,4),(81,1),(101,1),(121,5),
34:(11,1),(91,1),(111,1),
Java:(41,1),
enabling:(51,1),
set:(01,1),(21,2),(71,1),(101,1),(121,2),
participate:(51,1),
39:(51,1),
one:(01,1),(21,1),(61,2),(71,1),(101,1),(121,1),
founded:(51,1),
staff:(51,1),
faculties:(51,1),
logical:(01,1),
the:(01,1),(11,4),(31,2),(41,1),(51,8),(61,5),(91,4),(111,3),
single:(21,1),(71,1),(121,1),
such:(31,1),
Act:(51,1),
blue:(11,1),(91,1),(111,1),
metric:(11,1),(91,1),(111,1),
to:(01,1),(11,3),(21,1),(31,2),(71,1),(81,1),(91,3),(101,1),(111,3),(121,1),
So:(11,1),(91,1),(111,1),
open:(11,1),(91,1),
campuses:(51,1),
but:(41,2),
standard:(41,1),
metres:(11,2),(91,2),(111,2),
parchment:(21,1),(101,1),(121,1),
[6]:(51,1),
Camrose:(51,1),
sometimes:(41,1),
Its:(51,1),
language:(41,1),
Cameron:(51,1),
150:(51,2),
research:(51,1),
wish:(31,1),(81,1),
Learning:(51,1),
domestic:(51,1),
unable:(11,1),(91,1),(111,1),
Rutherford:(51,1),
North:(51,1),
has:(11,1),(61,1),(91,1),(111,1),
written:(21,1),(101,1),(121,1),
50:(51,1),
five:(51,1),(61,1),
extreme:(11,1),(91,1),(111,1),
which:(11,1),(91,1),(111,1),
Calgary:(51,1),
campus:(51,1),
fastened:(21,1),(101,1),(121,1),
its:(51,1),
check:(31,1),
look:(31,1),
ocean:(11,1),(91,1),
University:(51,2),(61,2),
materials:(21,1),(101,1),(121,1),
solve:(01,1),
buildings:(51,1),
relatively:(31,1),(81,1),
low-level:(41,2),
carry:(01,1),
page:(21,1),(71,1),(121,1),
employees:(51,1),
creature:(11,1),(91,1),(111,1),
changed:(01,1),
hinge:(21,1),(71,1),(101,1),(121,1),
Alexander:(51,1),
blank:(21,1),(101,1),(121,1),
string:(31,1),
young:(11,1),(91,1),
book:(21,3),(71,2),(101,1),(121,3),
for:(31,2),
Augustana:(51,1),
life:(11,1),(91,1),(111,1),
ft:(11,2),(91,2),(111,2),
With:(51,1),
298:(11,1),(91,1),(111,1),
sheets:(21,1),(101,1),(121,1),
common:(31,1),
Whales:(11,2),(91,1),(111,1),
lived:(11,1),(91,1),(111,1),
class:(31,1),
Henry:(51,1),
blocks:(51,1),
libraries:(31,1),
was:(51,1),
estimated:(51,1),
short:(11,1),(91,1),(111,1),
president:(51,1),
190:(11,1),(91,1),(111,1),
arithmetic:(01,1),
bit:(41,1),
problem:(01,1),
universities:(61,2),
four:(51,1),
rim:(51,1),
specifically:(31,1),
per:(51,1),
manipulation:(31,1),
give:(11,1),(91,1),
Campus:(51,1),
in:(11,1),(21,1),(51,8),(61,1),(71,1),(91,1),(111,1),(121,1),
made:(21,1),(101,1),(121,1),
IO:(31,1),
birth:(11,1),(91,1),
is:(01,1),(11,2),(21,4),(41,2),(51,5),(71,3),(91,2),(101,1),(111,2),(121,4),
downtown:(51,2),
Saskatchewan:(51,1),
ever:(11,1),(91,1),(111,1),
printed:(21,1),(101,1),(121,1),
Canada:(51,2),(61,1),
illustrated:(21,2),(71,1),(101,1),(121,2),
400:(51,1),
driver:(51,1),
mate:(11,1),(91,1),
programmed:(01,1),
text-filled:(21,1),(71,1),(121,1),
Higher:(61,1),
If:(31,1),(81,1),
other:(21,1),(51,1),(101,1),(121,1),
city:(51,1),
south:(51,1),
$12:(51,1),
north:(51,1),
range:(11,1),(91,1),(111,1),
It:(51,1),
Academic:(61,1),
out:(01,1),
Universities:(61,1),
across:(51,1),
computer:(01,2),
library:(41,1),
known:(21,1),(51,1),(71,1),(121,1),
top:(61,2),
electronic:(21,2),(71,2),(121,2),
have:(31,2),(81,1),
River:(51,1),
dwarf:(11,1),(91,1),(111,1),
together:(21,1),(71,1),(101,1),(121,1),
side:(21,2),(71,2),(101,1),(121,2),
product:(51,1),
survive:(11,1),(91,1),(111,1),
within:(21,1),(71,1),(121,1),
more:(01,1),(31,2),(51,1),
premier:(51,1),
centre:(51,1),
sperm:(11,1),(91,1),(111,1),
leaf:(21,2),(71,2),(121,2),
great:(41,1),
lb:(11,1),(91,1),(111,1),
located:(51,1),
first:(51,2),
economic:(51,1),
Powerful:(41,1),
date:(31,1),
Alberta:(51,6),
cent:(51,1),
experience:(31,1),(81,1),
World:(61,3),
that:(01,1),(11,2),(91,2),(111,2),
pages:(21,1),(71,1),(121,1),
Ranking:(61,1),
whale:(11,2),(91,2),(111,2),
major:(51,1),
Education:(61,1),
than:(01,1),(51,1),
raise:(11,1),(91,1),
employer:(51,1),
worldwide:(61,1),
from:(11,1),(51,2),(91,1),(111,1),
directly:(51,1),
suckle:(11,1),(91,1),
readable:(31,1),
package:(31,1),
gross:(51,1),
creatures:(11,1),(91,1),
kind:(01,1),
format:(21,1),(71,1),(121,1),
Marshall:(51,1),
comprises:(51,1),
produced:(21,1),(71,1),(121,1),
sequence:(01,1),
feed:(11,1),(91,1),
forget:(31,1),
tons:(11,2),(91,2),(111,2),
Edmonton:(51,3),
Joda-Time:(31,1),
nonetheless:(41,1),
valley:(51,1),
largest:(11,1),(91,1),(111,1),
code:(31,1),
covering:(51,1),
UAlberta:(51,1),
purpose:(01,1),
university:(51,3),(61,1),
their:(11,2),(91,2),(111,1),
general:(01,1),(11,1),
can:(01,3),(31,2),
210:(11,1),(91,1),(111,1),
operations:(01,2),(31,1),
paper:(21,1),(101,1),(121,1),
public:(51,1),
fourth-largest:(51,1),
billion:(51,1),
and:(11,3),(21,1),(31,1),(51,4),(61,2),(71,1),(91,3),(111,2),(121,1),
StringUtils:(31,1),
of:(01,3),(11,1),(21,4),(51,7),(61,3),(71,2),(91,1),(101,2),(121,4),
Since:(01,1),
land:(11,1),(91,1),(111,1),
sheet:(21,1),(71,1),(121,1),
make:(31,1),
on:(11,1),(51,2),(91,1),(111,1),
third-party:(31,1),
or:(01,1),(21,4),(51,1),(71,2),(101,2),(121,4),
original:(51,1),
ink:(21,1),(101,1),(121,1),
also:(31,1),(51,1),
Alberta's:(51,1),
100:(61,1),
Times:(61,1),
consists:(51,1),
