t1:(5,2),(10,3),(15,2),(20,1),(25,2),(30,3)
t2:(10,2),(20,3),(30,1),(40,4)
t3:(3,1),(6,1),(9,2),(12,1),(15,2),(18,1),(21,1),(24,2),(27,1),(30,1)
t4:(6,2),(12,2),(18,1),(24,3),(30,1)
t5:(2,1),(4,1),(6,1),(8,1),(10,1),(12,1),(14,1),(16,1),(18,1),(20,1),(22,1),(24,1),(26,1),(28,1),(30,1),(32,1),(40,1)
t6:(2,2),(5,3),(20,1),(30,3),(55,1),(60,2)
t7:(5,1),(6,2),(8,4),(15,1),(22,3),(30,1)
t8:(1,1), (2,1), (4,1), (5,1), (6,1), (8,1), (10,1)
t9:(6,2), (10,2), (23,1), (30,3), (77,1)
t10:(21,1),(44,1),(59,1),(60,1),(61,1),(101,3),(112,2),(140,1),(144,1),(195,2),(205,2),(210,1),(232,3),(249,1),(269,1)
